<?xml version="1.0"?>
<opencv_storage>
<images>
  IMG_0281.JPG IMG_0284.JPG IMG_0287.JPG IMG_0290.JPG IMG_0293.JPG
  IMG_0296.JPG IMG_0299.JPG IMG_0302.JPG IMG_0305.JPG IMG_0308.JPG
  IMG_0311.JPG IMG_0314.JPG IMG_0317.JPG IMG_0320.JPG IMG_0323.JPG
  IMG_0326.JPG IMG_0329.JPG</images>
</opencv_storage>
