<?xml version="1.0"?>
<opencv_storage>
<calibration_Time>"Thu Jun 18 20:29:35 2015"</calibration_Time>
<nrOfFrames>17</nrOfFrames>
<image_Width>1920</image_Width>
<image_Height>1080</image_Height>
<board_Width>9</board_Width>
<board_Height>6</board_Height>
<square_Size>28.</square_Size>
<FixAspectRatio>1.</FixAspectRatio>
<!-- flags:  +fix_aspectRatio +fix_principal_point +zero_tangent_dist -->
<flagValue>14</flagValue>
<Camera_Matrix type_id="opencv-matrix">
  <rows>3</rows>
  <cols>3</cols>
  <dt>d</dt>
  <data>
    1.7524371635364619e+03 0. 9.5950000000000000e+02 0.
    1.7524371635364619e+03 5.3950000000000000e+02 0. 0. 1.</data></Camera_Matrix>
<Distortion_Coefficients type_id="opencv-matrix">
  <rows>5</rows>
  <cols>1</cols>
  <dt>d</dt>
  <data>
    -1.2236408838605736e-01 4.0419718103166860e+00 0. 0.
    -2.6065116689693966e+01</data></Distortion_Coefficients>
<Avg_Reprojection_Error>5.0280822211547893e-01</Avg_Reprojection_Error>
<Per_View_Reprojection_Errors type_id="opencv-matrix">
  <rows>17</rows>
  <cols>1</cols>
  <dt>f</dt>
  <data>
    2.90919632e-01 3.52283925e-01 4.24019009e-01 3.26296031e-01
    5.16235352e-01 5.92036128e-01 4.63025033e-01 4.41897810e-01
    4.57657069e-01 3.89412493e-01 4.59126830e-01 4.85601038e-01
    3.86235058e-01 4.51827079e-01 7.98768938e-01 6.60274744e-01
    7.35652924e-01</data></Per_View_Reprojection_Errors>
<!-- a set of 6-tuples (rotation vector + translation vector) for each view -->
<Extrinsic_Parameters type_id="opencv-matrix">
  <rows>17</rows>
  <cols>6</cols>
  <dt>d</dt>
  <data>
    3.7104756584845855e-02 -1.4507465122799103e-02
    1.5729258157882577e+00 7.3768225312799373e+01
    -1.0615650404964416e+02 5.1177754063667226e+02
    5.0496655341866592e-01 5.0582331256670621e-01 1.5005301631144738e+00
    2.3282857963485146e+01 -9.8868947771388861e+01
    6.0315418532908791e+02 7.0821576929632335e-01 7.3885858230705559e-01
    1.4326802784578805e+00 -5.1764311718237884e+01
    -1.1689514147672331e+02 6.5704685600837365e+02
    -9.7129716092790919e-02 2.6028278457959516e-02
    -3.1380690325268397e+00 1.1551991521336011e+02
    7.9416713634683020e+01 5.3443530328843815e+02 1.0798171534331880e+00
    8.0383781357415227e-03 2.9144736217218523e+00 7.8370145002245565e+01
    8.2517446136915552e+01 6.5262347344678449e+02 1.4622451662812592e+00
    -9.4150071832240882e-03 2.7667432273680279e+00
    -5.8764937403456138e+01 7.5366454684284363e+01
    7.3765673478257918e+02 -2.0452103415198816e-02
    4.8536489531081750e-02 -1.5701290704844622e+00
    -5.7470248887413511e+01 1.2155223703421093e+02
    5.4678870875371138e+02 -6.5379605034971511e-01
    6.3518482865571779e-01 -1.5189655628901237e+00
    -1.5059357262967396e+02 1.2164529250628134e+02
    8.8632602827793596e+02 -7.9783524607218237e-01
    7.7140911210113494e-01 -1.4355809494529121e+00
    -1.3801433457302383e+02 1.2682707768007555e+02
    9.1959236057410999e+02 1.8489008571310084e-02 3.4314060168509034e-02
    -8.0815700061559626e-03 -1.0001533436910601e+02
    -4.8193491454896119e+01 5.3515820366052048e+02
    -5.9979100642554867e-03 7.4068352084561773e-01
    3.1129078814862089e-03 -1.4221552562258182e+02
    -5.3214742586437275e+01 9.0401797681699031e+02
    -4.5263025919060097e-03 9.9885002695629344e-01
    -2.6966511275244839e-02 -2.0009556960098601e+02
    -7.0627374044939515e+01 1.0781379910855371e+03
    2.6915946731989526e-01 7.5251803183314347e-01 6.5388135299226602e-01
    -7.1425236268932593e+01 -1.2883016851869090e+02
    7.9657671159822974e+02 3.6010768621273015e-01 9.5751576507242675e-01
    6.0751334904731502e-01 -1.1438386672246573e+02
    -1.1992435433944101e+02 8.4537843504113141e+02
    8.5351525322306471e-02 -7.8851854123353060e-01
    -9.6303655318994829e-03 -3.2550828530572886e+01
    -6.2573326352185568e+01 3.7396478417097188e+02
    2.8437972815206447e-01 -9.7677566261084425e-01
    -6.8965474751591171e-01 -1.0883807044194653e+02
    -2.4211707790041874e+00 4.2784502919687867e+02
    -1.3750383775323038e+00 2.5434386682292448e-01
    -2.0831661785310263e+00 2.8396949138541597e+01
    1.1006841971895300e+02 5.4097962622941634e+02</data></Extrinsic_Parameters>
