<?xml version="1.0"?>
<opencv_storage>
<calibration_Time>"Thu Jun 11 14:54:23 2015"</calibration_Time>
<nrOfFrames>18</nrOfFrames>
<image_Width>2592</image_Width>
<image_Height>1936</image_Height>
<board_Width>9</board_Width>
<board_Height>6</board_Height>
<square_Size>28.</square_Size>
<FixAspectRatio>1.</FixAspectRatio>
<!-- flags:  +fix_aspectRatio +fix_principal_point +zero_tangent_dist -->
<flagValue>14</flagValue>
<Camera_Matrix type_id="opencv-matrix">
  <rows>3</rows>
  <cols>3</cols>
  <dt>d</dt>
  <data>
    2.3938173174221338e+03 0. 1.2955000000000000e+03 0.
    2.3938173174221338e+03 9.6750000000000000e+02 0. 0. 1.</data></Camera_Matrix>
<Distortion_Coefficients type_id="opencv-matrix">
  <rows>5</rows>
  <cols>1</cols>
  <dt>d</dt>
  <data>
    2.2398850273327657e-02 1.0058355852988241e+00 0. 0.
    -4.4706926061630599e+00</data></Distortion_Coefficients>
<Avg_Reprojection_Error>1.1011940382710581e+00</Avg_Reprojection_Error>
<Per_View_Reprojection_Errors type_id="opencv-matrix">
  <rows>18</rows>
  <cols>1</cols>
  <dt>f</dt>
  <data>
    5.91163874e-01 1.12358010e+00 1.21384895e+00 8.00497591e-01
    9.50995505e-01 1.11716509e+00 1.23821938e+00 1.10133731e+00
    1.14801776e+00 1.18232214e+00 1.01852131e+00 1.15845466e+00
    1.02941561e+00 1.39267147e+00 1.21518958e+00 1.15153885e+00
    1.30816448e+00 7.70785153e-01</data></Per_View_Reprojection_Errors>
<!-- a set of 6-tuples (rotation vector + translation vector) for each view -->
<Extrinsic_Parameters type_id="opencv-matrix">
  <rows>18</rows>
  <cols>6</cols>
  <dt>d</dt>
  <data>
    3.4693906983238883e-02 -1.0737255392925278e-01
    -3.1373227503153185e+00 1.0524565422620833e+02
    7.1349838751333166e+01 3.9202522082533511e+02
    -6.8277824495573580e-01 1.1971684024607299e-01
    3.0539670172227980e+00 1.0678738263506580e+02 6.8599283743324563e+01
    4.1903879831319847e+02 6.6852668208031985e-01 9.5537059148843972e-02
    3.0415249630327255e+00 8.4692589989302022e+01 7.6201706594483724e+01
    3.5505713641334484e+02 -4.5966090428819578e-01
    -8.1742361278801001e-01 -2.8396501107219070e+00
    6.5668100852654291e+01 1.1872559628035011e+01 3.4489504687959482e+02
    -4.1621504571245312e-02 1.0085506999889944e+00
    2.9699970771123372e+00 1.2188412009096693e+02 4.1089213565535786e+01
    3.1943972492010295e+02 -4.9234434483668194e-01
    7.9323014530797153e-01 2.2276638066026684e+00 1.4774640851755666e+02
    -4.5594730786444430e+01 4.3396165458065616e+02
    -5.4747427295768647e-01 8.1000646450194513e-01
    2.0892411894111387e+00 1.4298567601097747e+02
    -6.1754690373654775e+01 4.2164098945530526e+02
    -5.4856410360914054e-01 4.3720819737635686e-01
    1.4776842290654570e+00 6.0875732636274634e+01
    -9.3395062416269838e+01 4.9477848183915182e+02
    -7.1246914294041963e-01 2.2791325384520150e-01
    8.6338468755431419e-01 -4.6402442921179379e+01
    -1.1148803331069834e+02 5.5732873849155328e+02
    -8.0151569645780796e-01 -4.1044417866349873e-02
    2.1528547753885179e-02 -1.1038997688348225e+02
    -3.8491792531591429e+01 4.4485099215247584e+02
    -7.9855322461695954e-01 -3.3082414780964253e-01
    -5.7152443087458904e-01 -1.1428605463166217e+02
    6.2343027363445092e-01 4.4541926883697670e+02
    -7.7787814818750600e-01 -5.5927575974285471e-01
    -9.5783008622910226e-01 -1.1760002047912782e+02
    2.2375456781884477e+01 4.0716523852460114e+02
    -5.1455689276314964e-01 -3.0881586240655912e-01
    -4.9849503364780706e-01 -1.1922015135692573e+02
    -5.3442321300811235e+00 3.9691250700760855e+02
    -8.3856354771965347e-01 2.7195268483355944e-01
    8.1796950188609330e-01 -3.1701261045882863e+01
    -9.8863555034863325e+01 4.9307292032310392e+02
    -6.8216096658023428e-01 2.0809452440265633e-01
    9.8592913036660168e-01 -2.4613550141146945e+01
    -1.2510180572917663e+02 4.9448314716450597e+02
    -6.6852460724573948e-01 6.1902463638016283e-02
    1.5718092806405246e-01 -9.8827512024207863e+01
    -7.0645376508150008e+01 4.4781289529591174e+02
    -7.1039353707127584e-01 9.3453869858638988e-02
    -4.9212340536245458e-01 -1.2041604171029033e+02
    -2.4284949759880899e+01 3.8364847244877552e+02
    -6.9887514818297011e-02 -5.4056965716600354e-02
    1.0482729141636202e-02 -1.2507181211197359e+02
    -5.0609327373827682e+01 4.1119067651245291e+02</data></Extrinsic_Parameters>
