<?xml version="1.0"?>
<opencv_storage>
<images>
  IMG_0282.JPG IMG_0285.JPG IMG_0288.JPG IMG_0291.JPG IMG_0294.JPG
  IMG_0297.JPG IMG_0300.JPG IMG_0303.JPG IMG_0306.JPG IMG_0309.JPG
  IMG_0312.JPG IMG_0315.JPG IMG_0318.JPG IMG_0321.JPG IMG_0324.JPG
  IMG_0327.JPG IMG_0330.JPG</images>
</opencv_storage>
