<?xml version="1.0"?>
<opencv_storage>
<calibration_Time>"Thu Jun 18 20:31:03 2015"</calibration_Time>
<nrOfFrames>17</nrOfFrames>
<image_Width>1920</image_Width>
<image_Height>1080</image_Height>
<board_Width>9</board_Width>
<board_Height>6</board_Height>
<square_Size>28.</square_Size>
<FixAspectRatio>1.</FixAspectRatio>
<!-- flags:  +fix_aspectRatio +fix_principal_point +zero_tangent_dist -->
<flagValue>14</flagValue>
<Camera_Matrix type_id="opencv-matrix">
  <rows>3</rows>
  <cols>3</cols>
  <dt>d</dt>
  <data>
    1.7385989345351950e+03 0. 9.5950000000000000e+02 0.
    1.7385989345351950e+03 5.3950000000000000e+02 0. 0. 1.</data></Camera_Matrix>
<Distortion_Coefficients type_id="opencv-matrix">
  <rows>5</rows>
  <cols>1</cols>
  <dt>d</dt>
  <data>
    -1.3670213263809683e-01 4.0315882708839776e+00 0. 0.
    -2.3905253853410315e+01</data></Distortion_Coefficients>
<Avg_Reprojection_Error>4.8741180059904360e-01</Avg_Reprojection_Error>
<Per_View_Reprojection_Errors type_id="opencv-matrix">
  <rows>17</rows>
  <cols>1</cols>
  <dt>f</dt>
  <data>
    3.36370945e-01 3.40499431e-01 4.10003334e-01 3.43928695e-01
    5.16475201e-01 5.75414956e-01 3.44655067e-01 4.37629312e-01
    4.54968542e-01 3.40653300e-01 4.57077771e-01 4.78853256e-01
    3.80703360e-01 4.41429585e-01 7.68004656e-01 6.23619497e-01
    7.31624782e-01</data></Per_View_Reprojection_Errors>
<!-- a set of 6-tuples (rotation vector + translation vector) for each view -->
<Extrinsic_Parameters type_id="opencv-matrix">
  <rows>17</rows>
  <cols>6</cols>
  <dt>d</dt>
  <data>
    4.0104112839487872e-02 -5.4933817758948825e-03
    1.5727209391729489e+00 7.3710993926449163e+01
    -1.0246848639753961e+02 5.1560275674137279e+02
    5.0802221087111843e-01 4.9602946372550327e-01 1.5083198969888227e+00
    2.6151476559911334e+01 -1.0565056751448458e+02
    5.9579417153901693e+02 7.0272302833010036e-01 7.3798837183838017e-01
    1.4349128444052466e+00 -5.1827065475436733e+01
    -1.1597956550831886e+02 6.5957911169081513e+02
    9.5371108029112528e-02 -3.3032827058782015e-02
    3.1380286257385759e+00 1.1886145864768197e+02 7.8406142171614917e+01
    5.3473596727364838e+02 1.0709456194038334e+00 1.5024071245114720e-02
    2.9232119366767293e+00 7.6455412894127520e+01 8.2296489042110863e+01
    6.5292026020829371e+02 1.4519984773405397e+00
    -1.7488656896329741e-02 2.7660996551060406e+00
    -6.0643497486031897e+01 7.8152066260745528e+01
    7.3389342327362306e+02 -3.9326972405700307e-03
    3.7948999517147093e-02 -1.5703236876233768e+00
    -6.1644391414519951e+01 1.1881802404630001e+02
    5.4414861636283251e+02 -6.5859306905830450e-01
    6.3175154533852274e-01 -1.5173879513030828e+00
    -1.5177868756180766e+02 1.2539870458604408e+02
    8.9026580984820805e+02 -8.0433858157492188e-01
    7.7146947932036913e-01 -1.4521306775408320e+00
    -1.3380231601666623e+02 1.4126503798130099e+02
    9.1576621977055459e+02 1.3067590014163953e-02 3.2731829090215291e-02
    -1.0633154494528754e-02 -9.9731219097792277e+01
    -4.9038831711493948e+01 5.3529464979434033e+02
    -1.4813344028670448e-03 7.4425628992902404e-01
    1.7319179967944412e-03 -1.3894964119249687e+02
    -4.9960743514857825e+01 9.0590528032018824e+02
    1.9251423722530128e-03 9.9321660936614131e-01
    -3.1491846476393151e-02 -2.0949678541244867e+02
    -6.6877703346310071e+01 1.0707795257894606e+03
    2.7348225706422574e-01 7.5717817308411817e-01 6.4799384482803923e-01
    -7.2049987926430759e+01 -1.2049203898616764e+02
    8.0056060385647663e+02 3.6204720867084372e-01 9.6528849156923302e-01
    6.0113763056546532e-01 -1.0932559098299481e+02
    -1.1367900370921357e+02 8.4847916973029385e+02
    9.0764090963824873e-02 -7.7836925413096425e-01
    -7.9241021321682144e-03 -3.3745729260955365e+01
    -6.1303357773398979e+01 3.7155507203626667e+02
    2.8062295449875818e-01 -9.7571266779768218e-01
    -6.8500651939684010e-01 -1.0866262209230921e+02
    -2.7033756127175850e+00 4.2712691991928381e+02
    -1.3645625641272219e+00 2.4551850164418623e-01
    -2.0934513718584840e+00 2.8794910203312423e+01
    1.1090312373776391e+02 5.4006579419075592e+02</data></Extrinsic_Parameters>
