<?xml version="1.0"?>
<opencv_storage>
<images>
  IMG_0283.JPG IMG_0286.JPG IMG_0289.JPG IMG_0292.JPG IMG_0295.JPG
  IMG_0298.JPG IMG_0301.JPG IMG_0304.JPG IMG_0307.JPG IMG_0310.JPG
  IMG_0313.JPG IMG_0316.JPG IMG_0319.JPG IMG_0322.JPG IMG_0325.JPG
  IMG_0328.JPG IMG_0331.JPG</images>
</opencv_storage>
