<?xml version="1.0"?>
<opencv_storage>
<calibration_Time>"Thu Jun 18 20:34:16 2015"</calibration_Time>
<nrOfFrames>16</nrOfFrames>
<image_Width>1920</image_Width>
<image_Height>1080</image_Height>
<board_Width>9</board_Width>
<board_Height>6</board_Height>
<square_Size>28.</square_Size>
<FixAspectRatio>1.</FixAspectRatio>
<!-- flags:  +fix_aspectRatio +fix_principal_point +zero_tangent_dist -->
<flagValue>14</flagValue>
<Camera_Matrix type_id="opencv-matrix">
  <rows>3</rows>
  <cols>3</cols>
  <dt>d</dt>
  <data>
    1.7260893780296001e+03 0. 9.5950000000000000e+02 0.
    1.7260893780296001e+03 5.3950000000000000e+02 0. 0. 1.</data></Camera_Matrix>
<Distortion_Coefficients type_id="opencv-matrix">
  <rows>5</rows>
  <cols>1</cols>
  <dt>d</dt>
  <data>
    -1.2501582173354622e-01 3.8259071510189502e+00 0. 0.
    -2.2206196634504266e+01</data></Distortion_Coefficients>
<Avg_Reprojection_Error>5.0216980932309763e-01</Avg_Reprojection_Error>
<Per_View_Reprojection_Errors type_id="opencv-matrix">
  <rows>16</rows>
  <cols>1</cols>
  <dt>f</dt>
  <data>
    3.39363605e-01 3.21689695e-01 3.27651531e-01 5.31667173e-01
    5.73189557e-01 3.59421164e-01 4.33840454e-01 4.57008451e-01
    3.93615872e-01 4.45919812e-01 4.89911526e-01 3.78812492e-01
    4.49561298e-01 7.99225330e-01 6.73104286e-01 7.34904528e-01</data></Per_View_Reprojection_Errors>
<!-- a set of 6-tuples (rotation vector + translation vector) for each view -->
<Extrinsic_Parameters type_id="opencv-matrix">
  <rows>16</rows>
  <cols>6</cols>
  <dt>d</dt>
  <data>
    3.7618456998706487e-02 -6.3611933016993541e-03
    1.5801534187380379e+00 7.1957144376804891e+01
    -1.0342599404838099e+02 5.1702035293393430e+02
    5.0844834467513245e-01 4.9843789196076027e-01 1.5096892448652728e+00
    2.9392254222228591e+01 -1.0400217315614071e+02
    5.9699691478920488e+02 9.4702049147952258e-02
    -3.9344852587607573e-02 3.1389135774372514e+00
    1.1618193873559123e+02 7.7196588761869180e+01 5.3654471211232760e+02
    1.0876911186317775e+00 1.1781276046896874e-02 2.9067192036559346e+00
    7.5216678691626043e+01 8.3854959768312469e+01 6.6311126577605671e+02
    1.4630736040047270e+00 -1.6585777571293946e-02
    2.7541290192416721e+00 -6.1102567078096854e+01
    8.1481552017885051e+01 7.3933949280664410e+02
    -7.0310780118938805e-03 4.7363811883066133e-02
    -1.5686457063356396e+00 -6.7124228777645200e+01
    1.1975146740279469e+02 5.5113547759135213e+02
    -6.6511656934102370e-01 6.3679548138032327e-01
    -1.5195212917412848e+00 -1.4729861016119435e+02
    1.3464794265689412e+02 8.9585840010592335e+02
    -8.0641719165366987e-01 7.7933161087692526e-01
    -1.4528302612199586e+00 -1.2902612780777463e+02
    1.4162088643538962e+02 9.1898950118455002e+02 7.5642100900325899e-03
    3.2099979416736417e-02 -1.5331313975188790e-03
    -9.7274771344652649e+01 -4.8365158019439541e+01
    5.3554332468781865e+02 2.1224877102775297e-03 7.4700210219760677e-01
    -6.1788807836882524e-04 -1.4052718713677655e+02
    -4.6832217611734961e+01 9.0989639555291683e+02
    -6.0904636799069233e-03 1.0006300847502267e+00
    -3.5911631811611285e-02 -2.0958017018364896e+02
    -5.4823704195359497e+01 1.0788300386166179e+03
    2.7574033657204639e-01 7.5612197651195190e-01 6.4821761295646918e-01
    -7.0458283845881994e+01 -1.2476842626471971e+02
    7.9939111518740867e+02 3.7061402827301887e-01 9.6359098095479556e-01
    6.0902956972776345e-01 -1.0915154434886314e+02
    -1.1688193773463067e+02 8.4243009762872691e+02
    8.7015849068360865e-02 -7.6278315740672964e-01
    -4.6530183242974657e-03 -3.4554848016817189e+01
    -6.0134964916213882e+01 3.7086327615183768e+02
    2.7803828203850089e-01 -9.7017298790687212e-01
    -6.7589547566718988e-01 -1.0569183240880440e+02
    -4.9233605073865794e-01 4.2742819285275118e+02
    -1.3635780307124878e+00 2.5543983111293722e-01
    -2.1018525075132244e+00 2.8793893021008465e+01
    1.1186581337677806e+02 5.4228598621122342e+02</data></Extrinsic_Parameters>
<Image_points type_id="opencv-matrix">
  <rows>16</rows>
  <cols>54</cols>
  <dt>"2f"</dt>
  <data>
    1.19974561e+03 1.93059509e+02 1.19801013e+03 2.87732544e+02
    1.19660840e+03 3.81538544e+02 1.19519019e+03 4.74797241e+02
    1.19397595e+03 5.67726746e+02 1.19288000e+03 6.60404236e+02
    1.19164514e+03 7.52567505e+02 1.19067419e+03 8.45068359e+02
    1.19008850e+03 9.37900879e+02 1.10637842e+03 1.92900482e+02
    1.10495605e+03 2.87377991e+02 1.10383972e+03 3.80806335e+02
    1.10282715e+03 4.74003540e+02 1.10174658e+03 5.66901917e+02
    1.10063452e+03 6.59458069e+02 1.09957617e+03 7.51684265e+02
    1.09850757e+03 8.43677979e+02 1.09770129e+03 9.36252502e+02
    1.01288550e+03 1.92790390e+02 1.01189148e+03 2.86926056e+02
    1.01096973e+03 3.80141754e+02 1.01001239e+03 4.73247131e+02
    1.00917316e+03 5.66008972e+02 1.00815234e+03 6.58478088e+02
    1.00726465e+03 7.50440430e+02 1.00639508e+03 8.42415283e+02
    1.00547577e+03 9.34745056e+02 9.19727173e+02 1.92432953e+02
    9.19044617e+02 2.86328400e+02 9.18191101e+02 3.79531097e+02
    9.17352600e+02 4.72462097e+02 9.16501587e+02 5.65102539e+02
    9.15745911e+02 6.57464111e+02 9.14985962e+02 7.49359192e+02
    9.14199646e+02 8.41244263e+02 9.13322754e+02 9.33523743e+02
    8.26469788e+02 1.91856277e+02 8.26024475e+02 2.85835632e+02
    8.25199829e+02 3.78791718e+02 8.24464844e+02 4.71681335e+02
    8.23759705e+02 5.64169312e+02 8.23213135e+02 6.56342163e+02
    8.22592285e+02 7.48134827e+02 8.21770203e+02 8.39957703e+02
    8.20891174e+02 9.32356384e+02 7.33546387e+02 1.91216385e+02
    7.33457092e+02 2.85152802e+02 7.33141846e+02 3.78299896e+02
    7.32665344e+02 4.70969910e+02 7.32088928e+02 5.63113525e+02
    7.31553223e+02 6.55065430e+02 7.30901978e+02 7.46859436e+02
    7.29955017e+02 8.38850647e+02 7.28791870e+02 9.31324341e+02
    1.04418921e+03 2.38796127e+02 1.04456604e+03 3.20087952e+02
    1.04492236e+03 4.01109833e+02 1.04573169e+03 4.81981995e+02
    1.04577551e+03 5.62704895e+02 1.04540613e+03 6.43540771e+02
    1.04626245e+03 7.23798706e+02 1.04658862e+03 8.04425415e+02
    1.04709680e+03 8.85259583e+02 9.78755737e+02 2.46981964e+02
    9.79342102e+02 3.26022675e+02 9.79791992e+02 4.04667389e+02
    9.80175781e+02 4.83403656e+02 9.80333923e+02 5.62207825e+02
    9.80464050e+02 6.40672424e+02 9.80400024e+02 7.19084839e+02
    9.81253662e+02 7.97307922e+02 9.81683350e+02 8.75877930e+02
    9.17347412e+02 2.54824493e+02 9.17490662e+02 3.31605957e+02
    9.17533081e+02 4.08256622e+02 9.18221680e+02 4.84938354e+02
    9.18767029e+02 5.61549683e+02 9.18853394e+02 6.37895935e+02
    9.19148254e+02 7.14234009e+02 9.19459778e+02 7.90559143e+02
    9.19862610e+02 8.67035217e+02 8.58701843e+02 2.62136078e+02
    8.58982727e+02 3.36940033e+02 8.59486267e+02 4.11702820e+02
    8.59853027e+02 4.86411316e+02 8.59807068e+02 5.60874390e+02
    8.60038513e+02 6.35358215e+02 8.60322815e+02 7.09703064e+02
    8.60614868e+02 7.84009277e+02 8.60898499e+02 8.58701111e+02
    8.03207764e+02 2.69135010e+02 8.03437073e+02 3.42217346e+02
    8.03320435e+02 4.14888550e+02 8.03587097e+02 4.87645874e+02
    8.03811951e+02 5.60303284e+02 8.04333252e+02 6.32779785e+02
    8.04552307e+02 7.05320129e+02 8.04805115e+02 7.77838440e+02
    8.05170227e+02 8.50692383e+02 7.50514282e+02 2.75661438e+02
    7.50939697e+02 3.46936737e+02 7.51404663e+02 4.17974152e+02
    7.51779419e+02 4.88946716e+02 7.51929321e+02 5.59666870e+02
    7.52159424e+02 6.30427063e+02 7.52180725e+02 7.01139343e+02
    7.52267151e+02 7.71978516e+02 7.52427124e+02 8.43027283e+02
    1.33453650e+03 7.88381226e+02 1.24283337e+03 7.87015503e+02
    1.15221497e+03 7.85975464e+02 1.06248572e+03 7.84863892e+02
    9.73540100e+02 7.84237610e+02 8.85151733e+02 7.83635620e+02
    7.97306519e+02 7.82743774e+02 7.09672119e+02 7.82250427e+02
    6.22007263e+02 7.81949402e+02 1.33435107e+03 6.98498779e+02
    1.24261890e+03 6.97647156e+02 1.15213513e+03 6.97103577e+02
